
  Obs   IDENT     ACTE  A_H  A_G  NB  NB_PTH  NB_PTG
-----  ------  -------  ---  ---  --  ------  ------
    1  000001  NEKA010    1    0   1       1       0
    2  000002  NFKA007    0    1   1       0       1
    3  000003  NEKA013    1    0   2       2       0
    4  000003  NEKA014    1    0   2       2       0
    5  000004  NFKA008    0    1   1       0       1
    6  000005  NEKA021    1    0   2       1       1
    7  000005  NFKA009    0    1   2       1       1
    8  000006  NFKA009    0    1   1       0       1

  Obs   IDENT  NB  NB_PTH  NB_PTG  MULTI_POSE
-----  ------  --  ------  ------  ----------
    1  000001   1       1       0           0
    2  000002   1       0       1           0
    3  000003   2       2       0           1
    4  000004   1       0       1           0
    5  000005   2       1       1           1
    6  000006   1       0       1           0

